waterBodyCategory	eeaIndicator	countryCode	monitoringSiteIdentifier	seriesSpan	1992	1993	1994	1995	1996	1997	1998	1999	2000	2001	2002	2003	2004	2005	2006	2007	2008	2009	2010	2011	2012	2013	2014	2015	2016	2017	2018
LW	Total phosphorus	AT	ATSE10102000	long	0.096	0.085	0.063	0.063	0.051	0.057	0.071	0.045	0.052	0.0083	0.0084	0.086	0.091	0.071	0.0578	0.065	0.042	0.035042	0.04585	0.051062	0.05175				0.0495	0.04	0.03025
LW	Total phosphorus	AT	ATSE20101000	long	0.01493	0.01553	0.01342	0.01483		0.0154	0.0131	0.015	0.008	0.012	0.013	0.013	0.01	0.012	0.012	0.038422	0.031651	0.016261	0.021534	0.014934	0.012554				0.030875	0.03933	0.038625
LW	Total phosphorus	AT	ATSE20201000	long	0.009	0.00928	0.0108	0.0118	0.0109	0.0096	0.0155	0.012	0.011	0.008	0.009	0.008	0.009	0.01	0.008		0.032914	0.008397	0.012947	0.006212	0.005929				0.011316	0.01039	0.009975
LW	Total phosphorus	AT	ATSE20301000	short							0.005	0.002	0.005	0.0025	0.0025	0.006	0.005	0.0025	0.007	0.006521	0.003665	0.007824	0.004901	0.00448	0.008018				0.007764	0.008233	0.009072
LW	Total phosphorus	AT	ATSE20401000	short							0.015	0.012	0.011	0.01	0.009	0.009	0.011	0.013	0.014	0.010906	0.009814	0.012107	0.009975	0.010786	0.011371				0.01663	0.014197	0.015412
LW	Total phosphorus	AT	ATSE20601000	short							0.007	0.006	0.007	0.007	0.008	0.007	0.005	0.006	0.008	0.009047		0.009269	0.009409	0.009537	0.009078				0.011539	0.015332	0.01595
LW	Total phosphorus	AT	ATSE20701000	short							0.009	0.008	0.007	0.009	0.007	0.008	0.007	0.008	0.008	0.119112	0.121482	0.012824	0.052484	0.010375	0.01164				0.061123	0.069134	0.080045
LW	Total phosphorus	AT	ATSE40101000	short							0.0025	0.002	0.002	0.0027	0.0025	0.003	0.002	0.003	0.002	0.001994	0.001703	0.002515	0.002715	0.002642	0.002406				0.00249	0.002323	0.002677
LW	Total phosphorus	AT	ATSE40201000	long	0.002064	0.003179	0.003906	0.002736	0.002025	0.001806	0.00231	0.002	0.002	0.0027	0.0034	0.004	0.004	0.005	0.0031	0.004379	0.004937	0.005024	0.004792	0.004237	0.004558				0.004559	0.004408	0.003895
LW	Total phosphorus	AT	ATSE40401000	short							0.01	0.009	0.009	0.01	0.011	0.013	0.008	0.008	0.0072	0.007631	0.008436	0.008584	0.007956	0.006592	0.005766				0.00851	0.007823	0.008302
LW	Total phosphorus	AT	ATSE40501000	short							0.006	0.007	0.007	0.0071	0.0079	0.011	0.008	0.008	0.0061	0.004331	0.004797	0.008353	0.006851	0.007369	0.006314				0.007379	0.008517	0.008345
LW	Total phosphorus	AT	ATSE50101000	short							0.004	0.005	0.004	0.0044	0.0043	0.004	0.004	0.004	0.0046	0.004101	0.004305	0.003636	0.002774	0.004091	0.004264				0.004103	0.004167	0.00363
LW	Total phosphorus	AT	ATSE50301000	short							0.008	0.006	0.006	0.006	0.006	0.007	0.005	0.005	0.0087	0.007327	0.005054	0.005936	0.004269	0.004731	0.005932				0.006243	0.008554	0.007557
LW	Total phosphorus	AT	ATSE50401000	short							0.017	0.015	0.016	0.0153	0.018	0.013	0.012	0.014	0.0151	0.016768	0.009089	0.020353	0.022364	0.015817	0.016582				0.036625	0.025393	0.018117
LW	Total phosphorus	AT	ATSE50501000	short							0.011	0.01	0.009	0.01	0.0103	0.01	0.009	0.008	0.0107	0.008874	0.007085	0.008431	0.008284	0.007682	0.00889				0.009468	0.009369	0.008176
LW	Total phosphorus	AT	ATSE50601000	short							0.007	0.0063	0.0065	0.0067	0.0065	0.005	0.005	0.005	0.006	0.00815	0.004979	0.004794	0.004712	0.005667	0.00522				0.004817	0.004973	0.005025
LW	Total phosphorus	AT	ATSE50701000	short							0.022	0.025	0.022	0.0217	0.0232	0.028	0.018	0.018	0.014	0.022768	0.013241	0.023932	0.033549	0.017232	0.017012				0.03375	0.035222	0.031639
LW	Total phosphorus	AT	ATSE60101000	short							0.006	0.011	0.003	0.006	0.006	0.006	0.005	0.005	0.005	0.0076		0.005984	0.008814	0.011221	0.013432				0.007917	0.0065	0.003437
LW	Total phosphorus	AT	ATSE70201000	short							0.003			0.005	0.01	0.014	0.003	0.004	0.006	0.001012	0.001915	0.001837	0.002084	0.001306	0.001342				0.002498	0.00226	0.002445
LW	Total phosphorus	AT	ATSE70301000	short							0.003			0.007	0.009	0.01	0.004	0.005	0.005	0.001415	0.003792	0.005004	0.00467	0.00206	0.002335				0.004165	0.002612	0.003084
LW	Total phosphorus	BE	BEVL_VMM_633055	short										0.2045			0.24	0.13	0.13	0.0758	0.07	0.0568	0.0568	0.0778	0.0213	0.033	0.02	0.054	0.024167		
LW	Total phosphorus	BG	BG4ME00292MS905	short												0.11	0.021	0.02	0.067	0.044	0.012			0.0745	0.0202		0.056325	0.012925	0.03475		0.0506
LW	Total phosphorus	DE	DESM_BB_HV_0110	long	0.404	0.328	0.172	0.193	0.19	0.149	0.239	0.231	0.304	0.209	0.177	0.193	0.214	0.169	0.145		0.172423	0.16468	0.125654	0.105308		0.123	0.120654	0.128808	0.119462	0.1275	0.171962
LW	Total phosphorus	DE	DESM_DEBE_345	long			0.117	0.271	0.173	0.193		0.228	0.37	0.234	0.227	0.273	0.248	0.219	0.176		0.180333		0.1534	0.109048	0.083167	0.105083	0.089833	0.107333	0.119917	0.111833	0.157917
LW	Total phosphorus	DE	DESM_DEST_420345	short					0.07	0.115	0.0863	0.0872	0.0885	0.10375	0.0908	0.09775		0.0884				0.232727				0.115	0.09833	0.102857	0.093333		0.075
LW	Total phosphorus	DE	DESM_SH_129009	short								0.07587	0.06178	0.067	0.07589	0.06589	0.05822	0.05756				0.098125				0.03669	0.04725	0.055222	0.043375		0.046286
LW	Total phosphorus	DE	DESM_SH_129102	short							0.06037	0.06675	0.05711	0.06125	0.07311	0.06078		0.05167				0.1215				0.038	0.0365	0.045222	0.084375		0.04625
LW	Total phosphorus	DK	DKST_250059	long	0.020278	0.027468	0.018773	0.025833	0.024085	0.018724	0.025781	0.024667	0.027088	0.022041	0.020315	0.024557	0.021692	0.019074	0.013545	0.02201	0.019889	0.012712	0.017703	0.020564	0.017282	0.014	0.014			0.015312	
LW	Total phosphorus	DK	DKST_500029	long	0.274571	0.306321	0.28016	0.174215	0.12209	0.108382	0.087959	0.1042	0.096811	0.107618	0.086385	0.091491	0.081814	0.063003	0.071311	0.063285	0.073009	0.074188	0.086635	0.082095	0.047213	0.056	0.056			0.071643	
LW	Total phosphorus	EE	EESJA2631000	long	0.029	0.0285	0.0188	0.0483	0.017	0.0155	0.02	0.0225	0.025				0.018	0.023	0.0165	0.0192	0.0185	0.017	0.017875	0.0208	0.02375	0.024	0.02175		0.0245		
LW	Total phosphorus	EE	EESJA3463000	long	0.0142	0.052	0.0132	0.017	0.0198	0.0132	0.0283	0.015	0.0217				0.0138	0.0196	0.013039	0.0216	0.024333	0.026	0.022	0.033	0.020182	0.0222	0.0225		0.019		
LW	Total phosphorus	EE	EESJA4014000	long	0.031	0.0363	0.0253	0.0293	0.03	0.0338	0.025	0.0225	0.0325				0.0255	0.0237	0.02936	0.0296	0.021	0.027	0.0265	0.0279	0.02425	0.0234	0.031714		0.02525		
LW	Total phosphorus	EE	EESJA5001000	short					0.0278	0.0188	0.0225	0.02	0.0275	0.029			0.024	0.0253	0.0335	0.036	0.02175	0.029	0.02625	0.02825	0.02675	0.023875	0.02775		0.027		
LW	Total phosphorus	EE	EESJA6244000	long	0.04	0.06	0.03	0.02	0.03	0.02	0.0317	0.034	0.034				0.0254	0.0292	0.031336	0.0246	0.023167	0.0258	0.024	0.03	0.029833	0.029875	0.040273		0.035		
LW	Total phosphorus	EE	EESJA6793000	long	0.017	0.0187	0.1204	0.2764	0.0897	0.3403	0.145	0.125	0.2117				0.1061	0.1693	0.248054	0.1011	0.174667	0.15	0.165583	0.1701	0.0248	0.081933	0.025333		0.01525		
LW	Total phosphorus	EE	EESJA7593000	long	0.0612	0.0213	0.0168	0.033	0.0318	0.0205	0.03	0.03	0.0375				0.02		0.028	0.0285	0.0255	0.03	0.0245	0.024125	0.0225	0.026375	0.026625		0.022		
LW	Total phosphorus	EE	EESJA8471000	long		0.0536	0.051175	0.056175	0.058175	0.053025	0.0517	0.05755	0.0411	0.059675	0.05965	0.056275	0.04375	0.0489	0.013	0.039	0.036125	0.057	0.042214	0.043429	0.035667	0.030286	0.026833	0.038333	0.040857	0.046333	0.038143
LW	Total phosphorus	FI	FISW_1037	long		0.007		0.009			0.007			0.007	0.007				0.008	0.008	0.009	0.0088	0.0088	0.0084	0.0096	0.0087	0.0099	0.0105	0.011667	0.010333	0.008667
LW	Total phosphorus	FI	FISW_1039	long	0.016	0.017	0.011		0.01	0.019	0.02	0.015	0.016	0.021	0.017		0.012	0.018	0.015	0.01	0.0112	0.014	0.0084	0.0098	0.0092	0.0152	0.014	0.009667	0.009	0.0105	0.009667
LW	Total phosphorus	FI	FISW_1045	long	0.015	0.021	0.02	0.017	0.022	0.018	0.019		0.018	0.019				0.022	0.017	0.021	0.0221	0.0289	0.0208	0.0173	0.0183	0.0172	0.027	0.014	0.017	0.022	0.016
LW	Total phosphorus	FI	FISW_1048	short				0.005						0.004	0.005	0.004	0.005	0.007	0.006	0.006	0.0073	0.0102	0.0063	0.006	0.0063	0.0071			0.0062	0.00265	
LW	Total phosphorus	FI	FISW_1062	long	0.019	0.016	0.017	0.02	0.019	0.016	0.017	0.018			0.014	0.019	0.017	0.019	0.017	0.019	0.0186	0.0188	0.0171	0.016	0.0163	0.0173	0.0157	0.012	0.01374	0.015	0.0145
LW	Total phosphorus	FI	FISW_142	long	0.012	0.014		0.014	0.018	0.022	0.021	0.018	0.016	0.015	0.014	0.014				0.014	0.0134	0.0164	0.0184	0.0387	0.0208	0.0213	0.0175	0.0125	0.0155	0.0135	0.0135
LW	Total phosphorus	FI	FISW_144	long	0.017	0.02	0.018	0.017	0.017	0.02	0.021	0.023	0.022	0.021	0.022	0.024	0.021	0.026		0.017	0.0158	0.0196	0.0252	0.022	0.0258	0.0253	0.0253	0.022333	0.0215	0.0215	0.02425
LW	Total phosphorus	FI	FISW_1447	long	0.035	0.031	0.027	0.027	0.024	0.02	0.023	0.02	0.023	0.021		0.024			0.024		0.0238	0.024	0.0235	0.0195	0.023	0.0213	0.0228	0.0215	0.0188	0.022	0.01875
LW	Total phosphorus	FI	FISW_150	short												0.009	0.009	0.011		0.009	0.0126	0.0128	0.0152	0.0117	0.0103	0.0085		0.011	0.0106		
LW	Total phosphorus	FI	FISW_153	long	0.076		0.078	0.065		0.083	0.074	0.076	0.074	0.089	0.087	0.073	0.073	0.074	0.084	0.101	0.0818	0.0834	0.078	0.061	0.0577	0.065	0.0713	0.084333	0.0615	0.074	0.0665
LW	Total phosphorus	FI	FISW_154	long	0.018	0.028	0.019	0.018	0.03	0.03	0.041		0.05		0.035		0.031	0.04	0.032	0.027	0.0327	0.0537	0.0271	0.0352	0.0297		0.0302		0.0214		
LW	Total phosphorus	FI	FISW_1543	long	0.021		0.009	0.01		0.009	0.009	0.011	0.011	0.011	0.012	0.013	0.011			0.011	0.0105	0.0159	0.0138	0.0095	0.0113	0.0092		0.0085			0.00875
LW	Total phosphorus	FI	FISW_160	long			0.012	0.01		0.033	0.013	0.01	0.017	0.011	0.012	0.01		0.016	0.011	0.01	0.0116	0.0182	0.012	0.0123	0.016	0.0112	0.0207	0.008	0.0081	0.0103	0.0089
LW	Total phosphorus	FI	FISW_161	long	0.027	0.029	0.036	0.026	0.027	0.021	0.026	0.03	0.026	0.025	0.027	0.024	0.024	0.033	0.028	0.024	0.0246	0.0266	0.0271	0.0239	0.0244	0.0292	0.0229	0.015333	0.016429	0.019	0.018167
LW	Total phosphorus	FI	FISW_162	long	0.027	0.029	0.027	0.029	0.03	0.025	0.027	0.028	0.027	0.029	0.033	0.024	0.032	0.031	0.031	0.034	0.0339	0.039	0.0315	0.02	0.036	0.0253	0.023	0.028	0.0225	0.023	0.02
LW	Total phosphorus	FI	FISW_165	long		0.023	0.02	0.016	0.022	0.022	0.026	0.023	0.023	0.018	0.019	0.017	0.023	0.023	0.021	0.019	0.0195	0.0228	0.0156	0.0177	0.0183	0.0175	0.0195	0.014857	0.010783	0.016286	0.013471
LW	Total phosphorus	FI	FISW_167	long	0.028	0.029	0.03	0.028	0.025	0.025	0.027	0.027	0.027	0.03		0.035	0.023	0.027	0.0253	0.0291	0.0267	0.0282	0.0248	0.0243	0.0254	0.0301	0.0263	0.022714	0.022167	0.023333	0.022857
LW	Total phosphorus	FI	FISW_168	long	0.226	0.164	0.068	0.022	0.103	0.088	0.048	0.059	0.11		0.016	0.174		0.166	0.023	0.021	0.024	0.0765	0.0173	0.0253	0.021	0.0159	0.0287	0.0083	0.009	0.00895	0.01275
LW	Total phosphorus	FI	FISW_169	short					0.389		0.192		0.043	0.019	0.051	0.14	0.045	0.115	0.029	0.021	0.0288	0.0423	0.075	0.0287	0.0403	0.0677	0.0547	0.026	0.0215	0.026	0.0395
LW	Total phosphorus	FI	FISW_171	long	0.013	0.012	0.009	0.01				0.011		0.01	0.01		0.009	0.01	0.011	0.01	0.0115	0.0168	0.0087	0.01	0.008	0.0103	0.0088	0.008571	0.007071	0.008	0.0085
LW	Total phosphorus	FI	FISW_176	long	0.094	0.064	0.119	0.293	0.3	0.335	0.366	0.273	0.035	0.036		0.219	0.039	0.029	0.277	0.053	0.0441	0.071	0.1017	0.0533	0.0509	0.0499	0.0778	0.0315	0.0225	0.028	0.0245
LW	Total phosphorus	FI	FISW_178	long	0.015	0.014	0.012	0.013		0.012	0.014	0.014	0.016	0.014	0.017	0.018	0.023	0.019		0.014	0.017	0.0212	0.018	0.0171	0.0123	0.0123	0.016		0.0089	0.00895	0.0124
LW	Total phosphorus	FI	FISW_179	long	0.025	0.031	0.027	0.022	0.033	0.022	0.026	0.03	0.027		0.027	0.019	0.019	0.026	0.019	0.017	0.0196	0.0218	0.0196	0.0161	0.0171	0.0189	0.0207	0.013	0.014125	0.014875	0.015
LW	Total phosphorus	FI	FISW_182	short										0.006	0.007	0.009		0.01	0.011	0.01	0.0123	0.0134	0.0107	0.0113	0.0083	0.0093	0.0066	0.00685	0.007075	0.006475	0.00515
LW	Total phosphorus	FI	FISW_183	short	0.015	0.016								0.013	0.013	0.013	0.015	0.017	0.021	0.016	0.0133	0.019	0.0125	0.0103	0.0103	0.0102		0.018	0.017		
LW	Total phosphorus	FI	FISW_184	short	0.025	0.027							0.022	0.019	0.019	0.015	0.017	0.02	0.023	0.02	0.0155	0.0233	0.0175	0.0143	0.0253	0.0157	0.0143	0.02	0.0175	0.0155	0.018
LW	Total phosphorus	FI	FISW_188	long	0.031	0.048		0.035	0.034	0.034	0.055	0.033	0.035	0.037	0.065	0.03	0.035	0.043	0.038	0.034	0.0417	0.0424	0.0404	0.0445	0.0384	0.0236	0.0297	0.0211	0.02175	0.022385	0.026692
LW	Total phosphorus	FI	FISW_189	short											0.006		0.007	0.009	0.009	0.01	0.0085	0.0108	0.0066	0.007	0.0063	0.0075		0.0061	0.00725		
LW	Total phosphorus	FI	FISW_190	short	0.017	0.031							0.019		0.023	0.018	0.019	0.022	0.024	0.017	0.0298	0.0232	0.0195	0.021	0.0167	0.0142	0.0193	0.0052	0.0145	0.00925	0.00975
LW	Total phosphorus	FI	FISW_191	long	0.033	0.042	0.041	0.034	0.034	0.031	0.044	0.054	0.038	0.036	0.035	0.032	0.03	0.032		0.028	0.0309	0.0319	0.0257	0.03	0.0318	0.037	0.031	0.021	0.019333	0.024	0.02
LW	Total phosphorus	FI	FISW_194	short							0.007				0.006		0.006	0.007		0.005	0.0052	0.0048	0.0053	0.0028	0.0052	0.009	0.0064	0.005429	0.003733	0.004867	0.004333
LW	Total phosphorus	FI	FISW_195	long	0.041	0.039	0.041	0.035	0.042		0.027		0.032	0.033	0.027	0.024	0.032	0.028		0.028	0.0325			0.0275			0.02	0.025667			0.020667
LW	Total phosphorus	FI	FISW_196	long	0.034	0.057	0.046	0.042	0.045	0.041	0.037	0.061	0.048	0.053	0.047	0.041	0.051	0.061	0.059	0.052	0.0553	0.0527	0.0525	0.04		0.0418	0.044	0.041	0.042667	0.041333	0.043333
LW	Total phosphorus	FI	FISW_198	long	0.067	0.089	0.082	0.069	0.086	0.066	0.067	0.086		0.068	0.063	0.073	0.074	0.067		0.049	0.0568	0.0573	0.0592	0.0562	0.0574	0.0613	0.0579	0.045333	0.0555	0.052333	0.0464
LW	Total phosphorus	FI	FISW_199	long	0.031	0.031	0.036	0.04	0.031	0.025	0.028	0.038	0.031	0.03	0.045	0.029	0.031	0.025	0.031	0.027	0.048	0.0402	0.0494	0.0377	0.0394	0.032	0.0253	0.02195	0.0224	0.02235	0.0242
LW	Total phosphorus	FI	FISW_200	long	0.013	0.014	0.011	0.016		0.012	0.013	0.013	0.013	0.014	0.013	0.011	0.013	0.019	0.014	0.013	0.0135	0.0123	0.013	0.0143	0.0175	0.0183	0.0163	0.018	0.016	0.015667	0.014667
LW	Total phosphorus	FI	FISW_212	long	0.018	0.02	0.02	0.023	0.022	0.021	0.022	0.025	0.029	0.024	0.027	0.025	0.021	0.02	0.027	0.022	0.0272	0.0285	0.0334	0.0292	0.0248	0.0286	0.0285	0.02145	0.0165	0.0188	0.018875
LW	Total phosphorus	FI	FISW_2120	long	0.062	0.059	0.056	0.06	0.055	0.058	0.064	0.07	0.061	0.069	0.065	0.058	0.047	0.067		0.076	0.0916		0.0954			0.097			0.072333		
LW	Total phosphorus	FI	FISW_214	long	0.034	0.034	0.026	0.028	0.026	0.032	0.031	0.04	0.03	0.041		0.033	0.045	0.038	0.031	0.04	0.0545	0.0512	0.0565	0.0478	0.078	0.0707	0.0487	0.054	0.049	0.0365	0.033
LW	Total phosphorus	FI	FISW_217	long	0.074	0.081	0.171	0.079	0.099	0.088	0.129	0.224	0.098	0.075	0.234	0.218	0.087	0.139	0.125	0.138	0.085	0.1005	0.1496	0.1545	0.1075	0.1383	0.1013	0.091	0.082	0.0916	0.1126
LW	Total phosphorus	FI	FISW_219	short	0.051	0.059	0.062						0.067		0.071	0.054	0.073	0.065	0.068	0.074	0.0646	0.0577	0.0605	0.0858	0.0725	0.0863	0.0722	0.069	0.065	0.08425	0.0645
LW	Total phosphorus	FI	FISW_2193	long	0.019	0.021	0.021	0.02	0.019	0.02	0.021	0.02		0.019		0.025	0.022		0.022	0.021	0.0241	0.0234	0.022	0.0196	0.0239	0.0163	0.0258	0.019857	0.019429	0.0195	0.017333
LW	Total phosphorus	FI	FISW_2199	long	0.043	0.04	0.046	0.039	0.031	0.048	0.038	0.039	0.039	0.039	0.044	0.074	0.047	0.04	0.043	0.037	0.0395	0.0402	0.0341	0.0243	0.0554	0.062		0.028	0.03	0.041333	0.0295
LW	Total phosphorus	FI	FISW_220	short	0.078						0.051	0.058	0.049		0.096	0.087	0.058	0.068	0.073	0.074	0.0683	0.0826	0.0583	0.064	0.0655	0.0655	0.0628	0.045	0.038	0.0434	0.080833
LW	Total phosphorus	FI	FISW_227	long	0.206	0.169	0.157	0.14	0.131	0.21	0.139	0.15	0.125	0.186	0.165	0.18	0.118	0.148	0.128	0.111	0.1084	0.091	0.0863	0.0885	0.1064	0.0844	0.1365	0.11225			0.1315
LW	Total phosphorus	FI	FISW_230	long	0.008	0.008	0.008	0.009	0.008	0.009			0.012		0.008	0.009	0.005	0.008	0.009	0.009	0.0107	0.0099	0.0084	0.0066	0.0078				0.005875		
LW	Total phosphorus	FI	FISW_235	long	0.073	0.142	0.126	0.082	0.063	0.069	0.075	0.079	0.086	0.055	0.083	0.072	0.055		0.063	0.078	0.0695	0.0931	0.0521	0.129	0.0756		0.1638	0.035429	0.042167	0.038167	0.038333
LW	Total phosphorus	FI	FISW_236	short	0.011								0.014			0.015	0.013	0.014	0.014	0.014	0.0185	0.0177	0.015	0.014	0.017			0.012			
LW	Total phosphorus	FI	FISW_238	short	0.042	0.042	0.038						0.051	0.053	0.049	0.045	0.037	0.041	0.052	0.036	0.036		0.0395				0.0412			0.039	0.046
LW	Total phosphorus	FI	FISW_240	long	0.011	0.014		0.012	0.012	0.01	0.011	0.012	0.01		0.011	0.009	0.01	0.012		0.012	0.0118	0.013	0.0103	0.0091	0.0089		0.0111	0.010286	0.011	0.009929	0.010814
LW	Total phosphorus	FI	FISW_2515	short									0.053	0.052	0.049	0.046	0.043	0.047	0.046	0.058	0.063	0.0568	0.0561	0.0668	0.0635	0.0632	0.1077	0.022	0.0318	0.035	0.0405
LW	Total phosphorus	FI	FISW_2686	long	0.019	0.011	0.013	0.01				0.008		0.007			0.008	0.007	0.008	0.008	0.0075	0.0093	0.0081	0.0095	0.0083	0.0091	0.009	0.012	0.0116	0.0094	0.011857
LW	Total phosphorus	FI	FISW_2784	short	0.026								0.023	0.022	0.023	0.019	0.018	0.025	0.024	0.026	0.0282	0.0293	0.0231	0.014	0.028	0.0257	0.0277	0.016	0.01255	0.026	0.017
LW	Total phosphorus	FI	FISW_2808	short	0.022	0.032								0.015	0.014	0.014	0.015	0.015	0.015	0.015	0.014	0.0202	0.0106	0.0203	0.0117	0.0099	0.0113	0.013	0.0135	0.012	0.0135
LW	Total phosphorus	FI	FISW_31	long	0.017	0.018	0.015	0.018	0.016	0.014	0.015	0.014	0.015	0.015	0.019	0.014	0.015	0.016	0.016	0.017	0.0143	0.014	0.0148	0.0125	0.0134	0.0105	0.0158	0.01325	0.017429	0.0145	
LW	Total phosphorus	FI	FISW_32	long	0.017		0.007	0.007	0.008	0.008			0.01	0.01	0.009		0.007				0.0084	0.0099	0.0099	0.0097	0.009		0.0086	0.008167	0.010125	0.0085	0.005625
LW	Total phosphorus	FI	FISW_33	long	0.002		0.001		0.002	0.002	0.001	0.004		0.004	0.004		0.003	0.005	0.002	0.002	0.0024	0.0023	0.0019	0.0018	0.0026	0.0021	0.0019	0.002625	0.003775	0.0032	0.00236
LW	Total phosphorus	FI	FISW_36	long		0.003			0.006				0.003		0.002	0.003	0.004	0.005	0.002	0.003	0.002	0.0023	0.0024	0.0022	0.0024	0.0018	0.0016	0.001875	0.00272	0.0034	0.0015
LW	Total phosphorus	FI	FISW_40	short				0.003					0.004	0.005	0.004		0.004	0.005	0.003	0.003	0.0033	0.0038	0.0036	0.0026	0.0028	0.0044	0.0028	0.0041	0.004675	0.0049	0.0015
LW	Total phosphorus	FI	FISW_401	long		0.009	0.011		0.011	0.012	0.009	0.013	0.01	0.012	0.011	0.008	0.012	0.012	0.01	0.014	0.0138	0.0117	0.012	0.011	0.0105	0.0108	0.0124	0.0105	0.011	0.011	0.01175
LW	Total phosphorus	FI	FISW_403	long		0.078	0.083	0.083		0.115	0.077		0.089	0.089	0.145	0.083	0.081	0.122	0.114	0.127	0.1278	0.1177	0.1277	0.0771	0.1105	0.1041	0.1238		0.1092		
LW	Total phosphorus	FI	FISW_404	long	0.094	0.093		0.073			0.093		0.092	0.077	0.077	0.113		0.09	0.076			0.0751	0.0931	0.0733	0.0735	0.076	0.0943	0.0766	0.0784	0.08	0.0648
LW	Total phosphorus	FI	FISW_405	long	0.066	0.062	0.064	0.057	0.055		0.056	0.074	0.053	0.057	0.055	0.052	0.055	0.059	0.054	0.052	0.0534	0.0785	0.0569	0.0573	0.0523	0.0505	0.0523	0.043	0.0545	0.056	0.0445
LW	Total phosphorus	FI	FISW_408	long	0.062	0.061	0.053	0.059	0.053	0.059	0.06	0.061	0.075	0.069	0.065	0.057	0.05	0.071	0.051	0.052	0.0793	0.0664	0.0564	0.0478	0.0694	0.0551	0.096	0.0355	0.0395	0.0375	0.041
LW	Total phosphorus	FI	FISW_409	long	0.128	0.113	0.122	0.108	0.1	0.13	0.089	0.115	0.075	0.103	0.091	0.072	0.085	0.099	0.093	0.103	0.1228	0.1041	0.0912	0.0865	0.09	0.0678	0.0833	0.072	0.068727	0.06725	0.090909
LW	Total phosphorus	FI	FISW_41	long		0.004	0.005	0.007		0.005	0.005		0.008	0.013		0.006	0.009	0.008	0.006	0.007	0.0033			0.0036			0.004			0.0039	
LW	Total phosphorus	FI	FISW_410	long	0.013	0.014	0.015	0.014	0.015	0.012	0.013	0.011	0.012		0.012	0.011	0.012		0.012	0.012	0.0113	0.0109	0.0103	0.0118	0.0125	0.0101	0.0145	0.013333			
LW	Total phosphorus	FI	FISW_412	long		0.008		0.009	0.008	0.007			0.008			0.007		0.008		0.008	0.0073	0.0068	0.0073	0.0062	0.0069	0.0065	0.0077	0.0076	0.008543	0.008	0.009257
LW	Total phosphorus	FI	FISW_420	long	0.014	0.013	0.012	0.014	0.014		0.014	0.012	0.012	0.011	0.011	0.01	0.011	0.015		0.012	0.0154	0.0138	0.0116	0.0117	0.0145	0.0118	0.0148	0.010667	0.0124	0.011167	0.0111
LW	Total phosphorus	FI	FISW_424	long		0.007	0.009	0.008	0.008	0.008	0.009		0.008	0.008	0.007	0.007	0.007	0.007			0.0063			0.0062			0.0055			0.006933	
LW	Total phosphorus	FI	FISW_425	long			0.005	0.005	0.005		0.004			0.004		0.004	0.003	0.004		0.005	0.004	0.0032	0.0041	0.0035	0.003		0.0038	0.005		0.003733	
LW	Total phosphorus	FI	FISW_4278	long	0.027	0.025	0.034	0.031	0.024	0.025	0.022	0.023	0.023	0.024	0.033	0.036	0.021	0.021	0.0257	0.0267	0.0251	0.0239	0.0207	0.0222	0.0204	0.020941	0.017989	0.015533	0.015583	0.019611	0.018471
LW	Total phosphorus	FI	FISW_4280	long	0.031	0.024	0.037	0.031	0.026	0.024	0.022	0.022		0.0205	0.028	0.029	0.026	0.027	0.0208	0.0182	0.0169	0.02	0.0162	0.0153	0.0171	0.018167	0.017184	0.014667	0.014058	0.01565	0.01635
LW	Total phosphorus	FI	FISW_429	long		0.007	0.007		0.006			0.008	0.007			0.006			0.008	0.01	0.0083	0.0103		0.0055		0.006			0.0069		
LW	Total phosphorus	FI	FISW_430	short			0.005	0.005							0.005		0.004		0.006	0.005	0.0048			0.0045			0.0053			0.005267	0.00535
LW	Total phosphorus	FI	FISW_432	long	0.004	0.004		0.005			0.004	0.004		0.004	0.004	0.004	0.004		0.004		0.0046	0.0037	0.0044	0.0031	0.004	0.0047	0.0047	0.004667	0.003933	0.002833	0.002067
LW	Total phosphorus	FI	FISW_439	short					0.058	0.028			0.036	0.039	0.039	0.033	0.041	0.051	0.04	0.033	0.0339	0.0346	0.0398	0.0488	0.0618	0.0499	0.0389	0.039	0.037	0.037	0.038
LW	Total phosphorus	FI	FISW_440	long				0.005	0.005	0.005	0.005	0.005	0.006	0.005		0.005		0.006			0.005			0.0035			0.0043			0.005267	
LW	Total phosphorus	FI	FISW_451	long	0.009		0.009	0.009	0.008		0.012	0.023	0.014	0.024		0.014	0.007	0.012	0.011	0.01	0.0113			0.008			0.0099				0.0062
LW	Total phosphorus	FI	FISW_452	short				0.006					0.008	0.006	0.007	0.006	0.006	0.01	0.008	0.008	0.0095	0.0109	0.0066	0.0063	0.0067			0.00675			
LW	Total phosphorus	FI	FISW_454	long	0.004	0.004		0.003	0.004	0.003		0.004	0.004		0.003	0.003	0.004		0.004	0.005	0.0063	0.0027	0.0042	0.0073	0.0063	0.0038	0.0043	0.0015	0.001375	0.00245	0.00285
LW	Total phosphorus	FI	FISW_458	short	0.005					0.004	0.005		0.004		0.005	0.004	0.005		0.004	0.005	0.0061		0.0035			0.0053		0.006	0.0035		
LW	Total phosphorus	FI	FISW_459	long	0.005		0.005	0.005	0.005	0.007	0.006		0.006	0.006	0.006	0.006		0.006		0.006	0.0074	0.0082	0.0077	0.006	0.0107	0.0077	0.0083	0.00425	0.005	0.0035	0.006
LW	Total phosphorus	FI	FISW_464	long	0.004			0.005	0.003			0.004	0.003	0.004	0.004	0.003				0.003	0.004	0.0042	0.0053	0.0041	0.0055	0.0047	0.0063	0.005357	0.003857	0.002857	0.004286
LW	Total phosphorus	FI	FISW_470	long	0.023	0.028	0.025	0.022	0.026	0.029	0.024	0.035	0.025	0.026	0.025	0.024	0.021	0.025	0.022	0.022	0.0236	0.0247	0.0234	0.0288	0.0276	0.0178	0.0213	0.01625	0.015818	0.017182	0.018455
LW	Total phosphorus	FI	FISW_471	long	0.01	0.012	0.012	0.01	0.012	0.011	0.011	0.011	0.012	0.01	0.01	0.013	0.01	0.01	0.009	0.009	0.0109	0.0102	0.011	0.01	0.0137	0.0103	0.0127	0.0085	0.007	0.0065	0.0075
LW	Total phosphorus	FI	FISW_474	long	0.005			0.006	0.006	0.005			0.005	0.005	0.005	0.005			0.005	0.005	0.0056	0.0065	0.0054	0.0086	0.0048	0.0061	0.0062	0.00575	0.00725	0.006	0.006571
LW	Total phosphorus	FI	FISW_475	long	0.008	0.007	0.007	0.008	0.007	0.005	0.006	0.007	0.006	0.006		0.006	0.006		0.006	0.005	0.0048	0.0062	0.0066	0.0081	0.0047	0.0058	0.0067	0.00625	0.007	0.00625	0.007571
LW	Total phosphorus	FI	FISW_495	long	0.009	0.009			0.01			0.009	0.011			0.008	0.009	0.009	0.008	0.008	0.01	0.0101	0.0096			0.011			0.0101	0.01015	0.0103
LW	Total phosphorus	FI	FISW_496	long	0.009	0.01				0.008		0.009	0.008		0.008	0.008	0.009		0.008	0.008	0.01			0.0087			0.0113			0.009825	
LW	Total phosphorus	FI	FISW_497	short					0.006			0.006	0.006	0.006	0.005	0.008		0.007	0.006	0.005	0.0054	0.0064	0.0058	0.0071	0.0071	0.0065	0.0084	0.007167	0.006233	0.005756	0.007312
LW	Total phosphorus	FI	FISW_499	long	0.011	0.01	0.01	0.009	0.01	0.008	0.009		0.008	0.008	0.007		0.009	0.01			0.0077	0.0088	0.01	0.0087	0.0083	0.0089	0.0108		0.008775		0.0076
LW	Total phosphorus	FI	FISW_500	long	0.021	0.018	0.018	0.014	0.012	0.014	0.012		0.011	0.01	0.008		0.01	0.011	0.009				0.0088			0.0092			0.00745		
LW	Total phosphorus	FI	FISW_504	long	0.006		0.005			0.005		0.005	0.004		0.003	0.006			0.005	0.005	0.0048		0.0048			0.005			0.00435		
LW	Total phosphorus	FI	FISW_506	long		0.012	0.01	0.01	0.01	0.008		0.01			0.009	0.007	0.009	0.01		0.008	0.0094	0.0082	0.0072	0.0087	0.01		0.0097	0.011	0.00842	0.009967	0.01185
LW	Total phosphorus	FI	FISW_508	long	0.034	0.046	0.046	0.038	0.045	0.035	0.039	0.052	0.038	0.038	0.046	0.044	0.045	0.043		0.036	0.0345	0.0398	0.0416	0.041	0.038	0.0368	0.0379	0.0316	0.034	0.0335	0.033667
LW	Total phosphorus	FI	FISW_511	short	0.01		0.012	0.011					0.013	0.011	0.011	0.014	0.012		0.01		0.0108	0.0124			0.011			0.01275			0.01375
LW	Total phosphorus	FI	FISW_514	long	0.014	0.015	0.016	0.014	0.019	0.013	0.012	0.015	0.016	0.014		0.019	0.018	0.017	0.018	0.017	0.0163	0.0184	0.0164	0.0163	0.0137	0.0127			0.011967	0.011833	0.014667
LW	Total phosphorus	FI	FISW_515	long			0.006	0.007		0.005		0.005	0.005				0.005	0.005		0.004	0.0053	0.0046			0.0047			0.004			0.004533
LW	Total phosphorus	FI	FISW_517	long	0.005	0.006	0.006	0.006	0.006		0.005	0.005	0.006	0.006	0.006	0.005	0.005	0.006	0.005	0.005	0.0056	0.0055	0.0051	0.0061	0.0063	0.0062	0.0073	0.005222	0.004614	0.005467	0.005317
LW	Total phosphorus	FI	FISW_521	long	0.006	0.008	0.01	0.011	0.008	0.004	0.008	0.008	0.006		0.005		0.009			0.004	0.0043	0.004	0.0045	0.0048	0.005	0.0049	0.0053	0.0076	0.00456	0.0048	0.005375
LW	Total phosphorus	FI	FISW_522	long	0.016	0.018	0.015	0.016	0.016	0.015	0.018	0.017	0.014	0.015	0.015	0.013	0.011	0.012	0.014	0.012	0.0114	0.0117	0.0129	0.0105	0.0135	0.0148	0.014	0.012	0.013333	0.012	0.008667
LW	Total phosphorus	FI	FISW_524	long	0.012	0.012	0.011	0.011	0.013	0.011	0.012	0.01	0.011	0.013	0.011	0.017	0.016	0.015	0.012	0.01	0.0169	0.0116	0.0088	0.0088	0.0093	0.0088	0.0073	0.0095	0.0073	0.007367	0.007867
LW	Total phosphorus	FI	FISW_530	long	0.02		0.024	0.019		0.018	0.017		0.02	0.018	0.019		0.02	0.021		0.016		0.016			0.0193			0.0155			0.016667
LW	Total phosphorus	FI	FISW_535	long	0.01	0.011	0.008		0.008	0.009	0.009	0.005	0.009	0.004	0.008	0.011	0.006	0.008	0.009	0.008	0.0075	0.0073		0.0155	0.012		0.0145	0.0025	0.008167	0.011	0.013
LW	Total phosphorus	FI	FISW_544	long	0.014	0.02	0.017	0.014	0.014	0.015	0.012	0.016		0.016	0.014	0.018	0.014	0.015	0.015	0.012	0.0133	0.0153	0.016	0.015	0.014	0.0175	0.017	0.008	0.0125	0.016	0.0108
LW	Total phosphorus	FI	FISW_546	long	0.008	0.007	0.01	0.008	0.009		0.006	0.007	0.006			0.006			0.007	0.006	0.0061	0.0056	0.0064	0.0057	0.0059	0.0061	0.0066	0.006333	0.00775	0.007037	0.006343
LW	Total phosphorus	FI	FISW_549	long		0.012	0.014	0.009		0.01	0.01	0.01	0.012	0.011	0.01	0.011	0.011	0.013	0.011	0.01	0.0094	0.0099	0.0092	0.0078	0.0073	0.0083			0.007	0.0107	0.007833
LW	Total phosphorus	FI	FISW_556	long		0.008	0.007			0.005		0.006				0.006	0.005	0.006		0.005	0.0058		0.008			0.0065	0.0089	0.004167	0.003613	0.0043	0.005213
LW	Total phosphorus	FI	FISW_563	long	0.013	0.014	0.017	0.018	0.017	0.013		0.013		0.012		0.011	0.012	0.022		0.012	0.0175	0.0136	0.0133	0.0102	0.011	0.0133	0.011	0.0095	0.010367	0.013933	0.013667
LW	Total phosphorus	FI	FISW_576	long	0.006	0.005	0.004			0.007	0.005		0.005	0.006	0.004	0.004	0.005		0.004	0.003	0.0045	0.0043	0.0048	0.0043	0.0037	0.004	0.0053		0.003	0.005867	0.002533
LW	Total phosphorus	FI	FISW_577	short	0.019								0.025	0.024	0.033	0.026	0.027	0.029	0.028			0.0285			0.0237				0.0225		
LW	Total phosphorus	FI	FISW_578	long	0.019	0.02	0.021	0.024	0.024	0.021	0.024	0.021	0.018	0.018	0.016	0.019	0.017	0.02	0.02	0.018	0.0198	0.0202	0.0188	0.0158	0.018	0.02	0.0194	0.022375	0.023125	0.0182	0.021
LW	Total phosphorus	FI	FISW_583	long	0.013	0.019	0.018	0.014	0.013	0.014	0.013	0.016	0.014	0.013			0.013	0.019			0.0139			0.0143				0.008667			0.0103
LW	Total phosphorus	FI	FISW_584	long			0.008	0.008	0.007	0.007			0.008	0.008		0.007	0.007	0.007		0.006	0.007			0.0053			0.008	0.0075			0.007567
LW	Total phosphorus	FI	FISW_586	long	0.043	0.039		0.038	0.03	0.03	0.026	0.039	0.035	0.032	0.026	0.023	0.031	0.061	0.035	0.026	0.0334	0.0388	0.034	0.019	0.0323	0.04	0.0247	0.031	0.039	0.036	0.026
LW	Total phosphorus	FI	FISW_590	short	0.004	0.005			0.007					0.005			0.004	0.004	0.004		0.0044			0.0043			0.0047	0.004			0.0033
LW	Total phosphorus	FI	FISW_591	long		0.006		0.007	0.006		0.006		0.006	0.007	0.005		0.006	0.006	0.006		0.0058			0.004			0.0043	0.005333			0.0054
LW	Total phosphorus	FI	FISW_593	long		0.008	0.008		0.009	0.008	0.007		0.01	0.009	0.008	0.007	0.007	0.009	0.008	0.007	0.0085			0.008			0.0067	0.007			0.007
LW	Total phosphorus	FI	FISW_594	long	0.023	0.022		0.02			0.025		0.024	0.027	0.021	0.02		0.026	0.022	0.025	0.0245	0.0272	0.0242	0.0367	0.0213		0.02		0.019	0.017	0.0165
LW	Total phosphorus	FI	FISW_596	long	0.016	0.016		0.016	0.016	0.014	0.021	0.02	0.018	0.015	0.015	0.013	0.013	0.017	0.021	0.015	0.0186	0.0178	0.0198	0.0177	0.0193	0.0207			0.020333		
LW	Total phosphorus	FI	FISW_598	long	0.02	0.019	0.019	0.02		0.02	0.018	0.022	0.022	0.022	0.017	0.021	0.022	0.021	0.025	0.019	0.0207	0.0224	0.0206	0.0176	0.0196	0.0205	0.019	0.0155	0.0185	0.02	0.0175
LW	Total phosphorus	FI	FISW_601	long	0.029	0.034	0.043	0.033	0.032	0.035	0.027	0.036	0.041	0.035	0.032	0.035	0.029	0.058	0.067	0.088	0.0304	0.0333	0.0261	0.0243	0.0297	0.026	0.0228	0.013333	0.012625	0.014975	0.015
LW	Total phosphorus	FI	FISW_602	long	0.004	0.007	0.006	0.005	0.006	0.006	0.006	0.01	0.006	0.006	0.007	0.005	0.006	0.006	0.007	0.007	0.0083	0.0082	0.006	0.006	0.0077	0.0085	0.007	0.00475	0.0059	0.0047	0.00565
LW	Total phosphorus	FI	FISW_604	long	0.027	0.029	0.022	0.027	0.025	0.037	0.029	0.033	0.03	0.035	0.032	0.02	0.018	0.031	0.026	0.028	0.0331	0.048	0.0301	0.027	0.0296	0.024	0.022	0.022	0.0311	0.024	0.0294
LW	Total phosphorus	FI	FISW_609	long	0.016	0.016	0.012	0.011		0.021	0.014	0.012	0.013	0.016	0.013	0.013	0.011	0.014	0.013	0.013	0.0158	0.0196	0.0123	0.0143	0.0193	0.0125	0.0137	0.01	0.007725	0.010875	0.009425
LW	Total phosphorus	FI	FISW_611	long		0.003			0.003		0.003				0.002			0.003	0.004	0.003	0.0035	0.0037	0.0032	0.0047	0.0047		0.0015	0.002333	0.003425	0.0037	0.002425
LW	Total phosphorus	FI	FISW_612	long		0.009	0.004	0.008	0.006	0.007	0.008	0.01	0.01	0.005	0.006		0.009	0.004	0.006	0.005	0.0072	0.0052			0.0045	0.007	0.0078	0.007	0.005667	0.005	0.007333
LW	Total phosphorus	FI	FISW_614	short						0.037	0.024			0.03		0.028	0.032	0.05	0.041	0.038	0.0365	0.043	0.0682	0.0545	0.0347	0.046	0.0812	0.027667	0.0335		
LW	Total phosphorus	FI	FISW_615	long		0.05	0.045	0.043	0.042	0.042	0.036	0.042	0.045	0.044	0.046	0.033	0.033	0.04	0.035	0.04	0.0368	0.0465	0.042	0.0225	0.0353	0.0388	0.0445	0.034	0.032	0.036667	0.034
LW	Total phosphorus	FI	FISW_62	long	0.039	0.03			0.036	0.035	0.026	0.029	0.024	0.025	0.037	0.025	0.019	0.023	0.023	0.036	0.0218	0.0228	0.0277	0.0247	0.0232	0.0217	0.0108	0.019667	0.01925	0.019333	
LW	Total phosphorus	FI	FISW_620	long	0.016	0.014		0.02	0.015	0.013	0.013	0.015	0.015	0.017	0.015	0.017	0.022	0.023	0.019	0.021	0.0251	0.0258	0.0242	0.0278	0.034	0.047	0.0356	0.023	0.024	0.0262	0.0264
LW	Total phosphorus	FI	FISW_622	long	0.026	0.018	0.107	0.023	0.158	0.023	0.064	0.025	0.035	0.023	0.031	0.046	0.014	0.018	0.025	0.02	0.0182	0.0179	0.0294	0.027	0.013	0.0207	0.025	0.023	0.0182	0.015	0.02
LW	Total phosphorus	FI	FISW_626	long	0.013	0.007				0.032	0.009	0.015	0.009	0.014		0.077	0.011	0.013	0.02	0.009	0.0079	0.0208	0.0104	0.0135	0.008	0.0095	0.0119	0.0125	0.007	0.008333	0.006
LW	Total phosphorus	FI	FISW_627	long	0.057	0.063	0.063	0.039	0.07	0.043	0.036	0.05		0.041		0.087	0.037	0.048	0.056	0.036	0.035	0.072	0.034	0.0411	0.0493	0.0294	0.0403	0.0234	0.024556	0.021833	0.024833
LW	Total phosphorus	FI	FISW_63	long	0.024	0.019	0.021		0.018	0.018	0.015	0.018	0.012	0.014		0.019	0.013	0.016	0.02	0.019	0.014	0.0129	0.015	0.0195	0.0162	0.0177	0.0118	0.0195	0.01275	0.013333	
LW	Total phosphorus	FI	FISW_651	long	0.015	0.012	0.014	0.02	0.014		0.015	0.015	0.018	0.02	0.016	0.017	0.018	0.022	0.019	0.016	0.0165	0.029	0.0193	0.0198	0.0227	0.0261		0.016			
LW	Total phosphorus	FI	FISW_657	long		0.011		0.014	0.01	0.01	0.011			0.011		0.011	0.012	0.014	0.011	0.012	0.0185	0.0141	0.0119	0.02	0.016	0.0154	0.0144	0.016	0.015	0.013	0.0145
LW	Total phosphorus	FI	FISW_667	long	0.04	0.028	0.027	0.014	0.017		0.016	0.021	0.023	0.031	0.031	0.029	0.019	0.032	0.03	0.033	0.0334	0.0453	0.0435	0.0372	0.0333	0.0235	0.0355			0.03175	
LW	Total phosphorus	FI	FISW_673	long		0.016	0.017	0.017	0.018	0.021		0.017	0.029	0.015	0.016	0.015	0.016	0.015	0.014	0.012	0.0139	0.0127	0.0139	0.0123	0.0121	0.0136	0.0106		0.01625	0.014333	0.012625
LW	Total phosphorus	FI	FISW_675	long	0.024	0.022	0.021	0.019	0.017	0.02	0.018	0.017	0.02	0.021	0.019	0.016	0.019	0.018	0.014	0.019	0.0159	0.0163	0.0164	0.0155	0.0163	0.0199	0.0153		0.019167	0.0177	0.016429
LW	Total phosphorus	FI	FISW_676	long	0.018	0.015	0.017	0.015	0.019	0.018	0.017	0.016	0.022	0.021	0.019	0.024	0.019	0.017	0.015	0.014	0.0132	0.0139	0.0189	0.0104	0.0117	0.0117	0.0174		0.016667	0.015556	0.013
LW	Total phosphorus	FI	FISW_677	long	0.014	0.012	0.012	0.012	0.011	0.012	0.012	0.012	0.013	0.012	0.01	0.011		0.012	0.011	0.009	0.0103	0.0104	0.0092	0.0068	0.0085	0.0098	0.012		0.014875		0.012875
LW	Total phosphorus	FI	FISW_678	long	0.014	0.014	0.01	0.009	0.008	0.011	0.009		0.008	0.011	0.011	0.011	0.014		0.01	0.01	0.0127	0.0187	0.0111	0.0099	0.013	0.0095	0.0107	0.00745	0.0078	0.0115	0.0088
LW	Total phosphorus	FI	FISW_680	long	0.03	0.031	0.028	0.028	0.034		0.029	0.022	0.027	0.022	0.025	0.028	0.026	0.021	0.023	0.016	0.018	0.0169	0.022	0.0215	0.0223	0.0277	0.0178		0.0195	0.0215	0.017
LW	Total phosphorus	FI	FISW_684	long			0.088			0.057			0.05	0.05	0.054	0.104	0.053	0.064	0.056	0.053	0.0657	0.0538	0.0695	0.0517	0.046	0.0561			0.06425		
LW	Total phosphorus	FI	FISW_685	long		0.019		0.014	0.017	0.011	0.012	0.01	0.011	0.012		0.012	0.013	0.023	0.011	0.01	0.0123	0.0103	0.0123	0.01	0.011	0.0105	0.0104	0.010167	0.009343	0.00948	0.01212
LW	Total phosphorus	FI	FISW_689	long	0.029	0.034	0.029	0.029	0.035	0.031	0.037	0.046	0.038		0.037	0.04	0.033	0.033	0.039	0.031	0.0315	0.0277	0.0295	0.031	0.0228	0.0378	0.0435	0.027167	0.0314	0.035333	0.031
LW	Total phosphorus	FI	FISW_691	long	0.029		0.036	0.033	0.037	0.031	0.035	0.032		0.038		0.027	0.027	0.032		0.025	0.0291	0.0301	0.0253	0.0198	0.034	0.0272	0.0232	0.0185	0.0195	0.0195	0.025
LW	Total phosphorus	FI	FISW_693	long	0.045	0.052	0.042	0.035	0.03	0.029	0.03	0.036	0.03	0.04	0.031	0.033	0.043	0.038	0.046	0.038	0.0327	0.0325	0.0424	0.0377	0.0611	0.0394	0.0808	0.0394	0.04	0.034	0.0394
LW	Total phosphorus	FI	FISW_699	long	0.062	0.092	0.06	0.062	0.071	0.056	0.062	0.096	0.06	0.054	0.06	0.045	0.057	0.066	0.06	0.056	0.0601	0.0564	0.0578	0.0631	0.0654	0.053	0.0472	0.0486	0.054333	0.043	0.044
LW	Total phosphorus	FI	FISW_719	long	0.057	0.067	0.057	0.054	0.047	0.064	0.054	0.053	0.046	0.078	0.073	0.068	0.056	0.056	0.065	0.069	0.0763	0.07	0.079	0.0833	0.0937	0.1065	0.0805	0.066333			
LW	Total phosphorus	FI	FISW_728	long	0.035				0.078	0.097	0.063	0.06	0.045	0.047	0.051	0.064	0.05	0.039	0.048	0.051	0.0524	0.045	0.0488	0.0513	0.0668		0.054	0.0465	0.0545	0.058667	0.065
LW	Total phosphorus	FI	FISW_734	long	0.109				0.054	0.08	0.072	0.107	0.065	0.086	0.152	0.097	0.081	0.111	0.095	0.107	0.1285	0.1344	0.124	0.0823	0.1069	0.1007	0.1207	0.085833	0.0695	0.081167	0.081167
LW	Total phosphorus	FI	FISW_916	long	0.008	0.009	0.006	0.009		0.008	0.009	0.01	0.007		0.009	0.008	0.01	0.009	0.011	0.008	0.0102		0.013			0.0129		0.01115	0.010625	0.0097	0.009
LW	Total phosphorus	FI	FISW_919	long	0.013	0.015	0.013	0.015	0.012	0.014	0.012	0.013	0.014	0.017	0.016	0.01	0.01	0.015	0.016	0.012	0.0133			0.0125			0.0131	0.015	0.013167	0.012933	0.013714
LW	Total phosphorus	FI	FISW_921	short							0.012		0.01	0.013		0.01	0.011		0.013	0.012	0.0115	0.0127	0.0129	0.0175	0.012	0.0102	0.0125	0.0095		0.0113	
LW	Total phosphorus	FI	FISW_922	long	0.023	0.064	0.033	0.025		0.028	0.025	0.03	0.03	0.02	0.019	0.021	0.027	0.026	0.022	0.022	0.0216		0.0246			0.0343			0.014667		
LW	Total phosphorus	FI	FISW_923	long	0.012	0.013	0.016	0.014	0.016	0.014	0.015	0.015	0.015	0.015	0.013	0.015	0.017				0.0177	0.0154	0.0145	0.0164	0.014	0.0152	0.0146	0.013167	0.0142	0.015333	0.0134
LW	Total phosphorus	FI	FISW_924	long	0.032	0.026	0.034	0.052	0.031				0.037	0.038	0.036	0.036	0.036		0.034	0.034	0.0378	0.0388	0.0374	0.0322	0.032	0.0322	0.0278	0.025			0.023333
LW	Total phosphorus	FI	FISW_925	long	0.015		0.019	0.017	0.019	0.019		0.021		0.018				0.025	0.017	0.015	0.0166			0.017			0.0132			0.012	
LW	Total phosphorus	FI	FISW_927	long	0.011	0.012	0.012	0.019	0.021	0.014	0.015	0.018	0.02	0.013	0.013	0.01	0.009	0.012	0.01	0.009	0.0112	0.0124	0.0108	0.0102	0.0135	0.0087	0.01	0.0085	0.007733	0.007867	0.007867
LW	Total phosphorus	FI	FISW_928	long		0.008	0.014	0.011	0.017			0.016	0.015	0.013	0.009	0.01	0.008		0.01	0.017	0.0106	0.0096	0.0116	0.0078	0.0083	0.0077	0.0107	0.0095			0.0093
LW	Total phosphorus	FI	FISW_931	long	0.014	0.014	0.014	0.015	0.014		0.016		0.016	0.015	0.016	0.016	0.015	0.015	0.018	0.014	0.0162	0.019	0.0174	0.0194	0.0196	0.021	0.0213	0.017	0.017		
LW	Total phosphorus	FI	FISW_932	long				0.008			0.009	0.01	0.01	0.011	0.01	0.013	0.01	0.014		0.009			0.0096			0.0127			0.0134		
LW	Total phosphorus	FI	FISW_933	long		0.018	0.029	0.018	0.017	0.018	0.018	0.019	0.02	0.023	0.025	0.038	0.023	0.017			0.0234			0.0253	0.0225	0.0207	0.0187	0.0155	0.0189		0.01875
LW	Total phosphorus	FI	FISW_938	long		0.012	0.015	0.012	0.013	0.01		0.011	0.012	0.01	0.012	0.012	0.011	0.009		0.014		0.0122			0.014			0.010667		0.009225	
LW	Total phosphorus	FI	FISW_940	long		0.006	0.006	0.005	0.004			0.005	0.006		0.007		0.006	0.005	0.008	0.007	0.0072	0.0066	0.0064	0.0083	0.0081	0.0113	0.008	0.008	0.006486	0.005567	0.0056
LW	Total phosphorus	FI	FISW_941	short						0.008			0.01	0.011	0.008		0.008	0.012	0.01	0.007		0.0102			0.0127			0.0105			
LW	Total phosphorus	FI	FISW_975	long	0.072	0.123	0.095	0.059	0.067	0.099	0.091	0.079	0.065	0.064	0.131	0.129	0.068	0.059	0.055	0.066	0.0572	0.0546	0.0498	0.051	0.046	0.0658	0.0338	0.047667	0.062333	0.065	0.042
LW	Total phosphorus	FI	FISW_976	long	0.012	0.012		0.014	0.01	0.013		0.012		0.014	0.015	0.014	0.012	0.015		0.011		0.0141			0.0155			0.014	0.01625		
LW	Total phosphorus	FI	FISW_987	long	0.009	0.008	0.006		0.008	0.005			0.009	0.009	0.009	0.008	0.007	0.009	0.014	0.009	0.0127			0.0123			0.0114	0.005		0.0088	
LW	Total phosphorus	FI	FISW_991	long	0.027	0.047		0.046	0.033	0.024	0.025	0.036	0.043	0.046	0.03	0.029	0.027	0.024			0.0292	0.0204	0.0379	0.0381	0.0322		0.0211	0.032	0.0352	0.031667	0.0232
LW	Total phosphorus	FR	FRGR04177320	short						0.1244	0.1308	0.0583	0.0307	0.0225		0.050833		0.0125	0.009583	0.01125	0.02	0.01525	0.02		0.006667	0.019667	0.007	0.015333	0.008333	0.013333	0.005
LW	Total phosphorus	HR	HR19001	short												0.019			0.0146	0.0043	0.0088	0.005	0.0087		0.0124	0.011167		0.011688	0.013909	0.014875	
LW	Total phosphorus	HR	HR40316	short												0.0317		0.0163	0.015	0.011	0.0241	0.0208	0.0096				0.017667		0.0124	0.0224	
LW	Total phosphorus	HR	HR40420	short												0.0375	0.022	0.0153	0.019	0.009	0.0092	0.0111	0.013			0.0265			0.0066	0.020444	
LW	Total phosphorus	LT	LTL34	long		0.02	0.0256		0.0292		0.018	0.0343	0.0167	0.0138	0.012	0.0113			0.013	0.014			0.028833	0.024714	0.0539	0.04	0.019714	0.014143	0.011286	0.010857	0.013
LW	Total phosphorus	LT	LTL39	long			0.017	0.0167	0.0136	0.0195	0.0196	0.0205	0.017	0.0127	0.01	0.0132		0.0105	0.010401	0.007667	0.011667	0.009111	0.011	0.008357		0.006043	0.007171	0.009043	0.006036	0.005879	0.004843
LW	Total phosphorus	LT	LTL65	short								0.037	0.0173	0.0237	0.0097	0.0116		0.0245	0.024472	0.009222	0.009444	0.011222	0.013	0.012286	0.0095	0.007536	0.007457	0.008186	0.021164	0.01045	0.005864
LW	Total phosphorus	NL	NL89_STEENBGN	long	0.08	0.11	0.11	0.13	0.12	0.13	0.15	0.14	0.134375	0.106	0.14	0.162	0.184231	0.121		0.093077	0.141364	0.159048	0.153846	0.055833	0.06	0.081538	0.094615	0.087692			
LW	Total phosphorus	NL	NL92_EEMMDK23	long	0.6031	0.5358	0.4483	0.4142	0.305	0.32	0.3219	0.2487	0.23			0.247188	0.243077	0.161		0.199	0.242143	0.230769	0.23	0.1285	0.14	0.169231	0.153846	0.132308			
LW	Total phosphorus	NL	NL92_KETMWT	long	0.2015	0.2514	0.2245	0.19	0.1685	0.1746	0.2256	0.152	0.1525			0.173125	0.177692	0.144		0.142	0.178462	0.153077	0.150833	0.087667	0.092	0.092308	0.109231	0.093077			
LW	Total phosphorus	NL	NL92_MARKMMDN	long	0.1232	0.1075	0.1167	0.1608	0.1071	0.115	0.1375	0.1225	0.214				0.146538	0.088		0.057	0.088461	0.089231	0.0775	0.017	0.047	0.047692	0.035714	0.051538			
LW	Total phosphorus	NL	NL92_VELWMMDN	long	0.0862	0.095	0.0918	0.1083	0.0554	0.0425	0.0675	0.054	0.055			0.070625	0.086154	0.056		0.045	0.097857	0.104615	0.085	0.0145	0.02	0.028333	0.018462	0.022308			
LW	Total phosphorus	NL	NL92_VROUWZD	long	0.1557	0.1308	0.1733	0.1392	0.1338	0.1446	0.1337	0.1275	0.1407			0.109375	0.217692	0.111		0.077	0.099231	0.162308	0.041	0.036833	0.048	0.061429	0.056923	0.056923			
LW	Total phosphorus	NO	NO002-28193	long	0.004625	0.005154	0.005733	0.005869	0.00655	0.006983	0.004592	0.005033	0.00485	0.004933	0.004267	0.003558	0.003992	0.003675	0.003083	0.003367	0.004	0.005317	0.004492	0.006292	0.0041	0.005573	0.004533	0.0056	0.005047	0.002333	
LW	Total phosphorus	NO	NO012-30611	long			0.004225	0.004513	0.005688		0.003963	0.003363	0.004112	0.00478	0.00278	0.00318	0.00332	0.00316		0.0052		0.0048		0.0048				0.00512			
LW	Total phosphorus	NO	NO083-40950	short				0.001							0.000315		0.001	0.003	0.001667	0.000833	0.001167	0.002	0.002444	0.0033	0.00165	0.00165	0.001667	0.003	0.002	0.001	
LW	Total phosphorus	PL	PL01S0202_0057	short									0.08	0.086	0.093	0.084	0.113	0.071	0.0584	0.058833	0.054	0.054833	0.055167	0.052833	0.060833	0.055333	0.037833	0.052167			0.035
LW	Total phosphorus	PL	PL01S0202_0061	short								0.043	0.047	0.054	0.058	0.058	0.066	0.061	0.0491	0.0535	0.047	0.039833	0.048833	0.034333	0.044167	0.04275	0.028667	0.032833			0.020667
LW	Total phosphorus	PL	PL01S0302_0193	short								0.04	0.033		0.039	0.053	0.027	0.024	0.030714	0.026	0.024333	0.025286	0.0185	0.021	0.0145	0.009	0.011333	0.0085			0.015667
LW	Total phosphorus	PL	PL01S0302_0232	short								0.037	0.04	0.044	0.041	0.031	0.033	0.027	0.027667	0.035833	0.04	0.034833	0.030667	0.041167	0.054167	0.039167	0.042333	0.034833			0.043833
LW	Total phosphorus	PL	PL01S1102_0646	short								0.106	0.033	0.028	0.031				0.021429			0.016714	0.019143	0.0025	0.018083	0.037333	0.016417	0.003917			0.0275
LW	Total phosphorus	PL	PL02S0402_0141	short								0.043	0.073	0.07	0.036	0.089	0.058	0.034	0.084286	0.056	0.07075	0.066333	0.055333	0.069833	0.052667	0.050583	0.0482	0.126333			0.039667
LW	Total phosphorus	PL	PL02S0502_0182	short								0.068	0.093	0.043	0.083	0.075	0.064	0.036	0.031971	0.04675	0.127	0.033286	0.022714		0.076063	0.05125	0.188	0.081167			0.050667
LW	Total phosphorus	PL	PL02S0502_0294	short								0.024	0.025	0.028	0.024	0.051	0.024	0.021	0.034786	0.028625	0.03025	0.0345	0.031875	0.035		0.0347	0.020133	0.0302			0.020933
LW	Total phosphorus	PL	PL07S0802_0001	short								0.041	0.04	0.027	0.031	0.024	0.029	0.023	0.0245	0.026	0.029375	0.012857	0.024143	0.0245	0.022286	0.017167	0.0115	0.011667			0.026917
LW	Total phosphorus	RO	RO14283	short												0.028		0.0312	0.058	0.0831	0.0559	0.1356	0.074	0.0904	0.085	0.076		0.063			
LW	Total phosphorus	RO	RO15206	short												0.051	0.2093	0.1321	0.162	0.1183	0.07285	0.1161	0.065	0.044166	0.067	0.038		0.05			
LW	Total phosphorus	RS	RSLW00017	short												0.012	0.072875	0.1138	0.0365	0.0696	0.104667	0.076667	0.08167	0.03785				0.070333			
LW	Total phosphorus	RS	RSLW00070	short												0.015	0.013187	0.0516	0.0859	0.0517	0.086	0.04	0.08767	0.056738			0.089	0.222			
LW	Total phosphorus	RS	RSRW00004	short												0.108	0.070417	0.107609	0.1159	0.1338	0.1351	0.1079	0.1106	0.114222	0.16575	0.089727	0.096417	0.095417	0.1315	0.127636	0.131917
LW	Total phosphorus	RS	RSRW00005	short												0.126	0.081182	0.117304	0.1063	0.1054	0.1244	0.0928	0.1253	0.0973		0.079909	0.09725	0.08875	0.109917	0.113091	0.122667
LW	Total phosphorus	RS	RSRW00006	short												0.116	0.123667	0.142417	0.1179	0.1134	0.1052	0.1087	0.1553	0.100364	0.1058	0.0969	0.122818	0.114583	0.134833	0.103273	0.102333
LW	Total phosphorus	SE	SE615365-134524	long				0.094	0.047	0.0515	0.034	0.05125	0.048	0.06475	0.061	0.046	0.057	0.058	0.048	0.039	0.057	0.062	0.043	0.046	0.059			0.04625	0.0453	0.04446	0.061175
LW	Total phosphorus	SE	SE615375-137087	long				0.092286	0.0565	0.04575	0.0645	0.1005	0.06675	0.069	0.103	0.113	0.054	0.087	0.065	0.081	0.051	0.092	0.128	0.048	0.061			0.04225	0.0836	0.08016	0.11085
LW	Total phosphorus	SE	SE617797-135339	long				0.042	0.02575	0.0325	0.026	0.0325	0.036	0.03675	0.031	0.025	0.04	0.034	0.034	0.026	0.04	0.04	0.038	0.054	0.036			0.03575	0.03232	0.026025	0.042275
LW	Total phosphorus	SE	SE622803-144609	long	0.023	0.023	0.02275	0.01975	0.0145	0.017	0.012667	0.012	0.017	0.02175	0.02	0.012	0.011	0.014	0.02	0.01	0.015	0.016	0.011	0.014	0.018			0.0165	0.013575	0.01375	0.017125
LW	Total phosphorus	SE	SE623161-142148	long	0.008	0.0105	0.00925	0.00875	0.00575	0.005	0.0045	0.0025	0.003	0.0045	0.006	0.004	0.008	0.008	0.004	0.003	0.006	0.006	0.005	0.005	0.005			0.00275	0.00352	0.0032	0.004125
LW	Total phosphorus	SE	SE623624-141149	long	0.0155	0.0165	0.01475	0.018	0.01	0.00925	0.01	0.01425	0.01375	0.013	0.014		0.013	0.013	0.012	0.01	0.019	0.018	0.014	0.012	0.017			0.0152	0.0122	0.01155	0.013825
LW	Total phosphorus	SE	SE624421-147234	long	0.010375	0.014625	0.0165	0.014	0.01325	0.0135	0.008333	0.01175	0.01125	0.01375	0.013	0.01	0.009	0.011	0.01	0.009	0.012	0.014	0.011	0.013	0.013			0.0118	0.00895	0.00945	0.011425
LW	Total phosphorus	SE	SE627443-149526	long	0.011	0.014625	0.01575	0.01825	0.012875	0.01225	0.010625	0.013875	0.0105	0.01	0.011	0.009	0.015	0.018	0.011	0.008	0.011	0.011	0.011	0.013	0.013			0.015375	0.013288	0.012313	0.012812
LW	Total phosphorus	SE	SE628606-133205	long	0.01175	0.012125	0.012	0.010286	0.009125	0.0075	0.00825	0.00925	0.007375	0.01825	0.008	0.006	0.009	0.011	0.008	0.005	0.009	0.01	0.009	0.008	0.009			0.008143	0.008012	0.007556	0.0069
LW	Total phosphorus	SE	SE629026-147562	long	0.021	0.02325	0.0265	0.0205	0.02275	0.0185	0.0185	0.02775	0.02325	0.01625	0.02	0.02	0.022	0.023	0.022	0.011	0.016	0.019	0.018	0.017	0.018			0.021	0.02092	0.01665	0.017025
LW	Total phosphorus	SE	SE629570-135470	long	0.02175	0.0245	0.0265	0.0235	0.028	0.0325	0.026	0.0395	0.032	0.02975	0.023	0.026	0.03	0.029	0.032	0.019	0.029	0.027	0.024	0.025	0.021			0.01925	0.021	0.021825	0.021375
LW	Total phosphorus	SE	SE630558-134327	long	0.01675	0.01925	0.02025	0.0165	0.017	0.01775	0.014	0.014	0.014	0.01975	0.018	0.016	0.025	0.015	0.018	0.012	0.017	0.016	0.013	0.016	0.013			0.017667	0.012925	0.015475	0.01565
LW	Total phosphorus	SE	SE630605-144655	long	0.013	0.015	0.018	0.013333	0.012	0.00925	0.0115	0.01375	0.011	0.01075	0.012	0.019	0.014	0.015	0.014	0.012	0.015	0.017	0.018	0.021	0.015			0.01525	0.0144	0.01318	0.014375
LW	Total phosphorus	SE	SE631360-146750	long	0.01075	0.012625	0.014375	0.0165	0.0115	0.0185	0.011	0.0185	0.01725	0.01925	0.016	0.012	0.014	0.015	0.013	0.011	0.015	0.02	0.019	0.014	0.015			0.013	0.0126	0.00995	0.0098
LW	Total phosphorus	SE	SE632515-146675	long	0.00725		0.00825	0.00775	0.0075	0.00675	0.0055	0.00675	0.004	0.00425	0.004	0.005	0.006	0.006	0.005	0.004	0.005	0.005	0.005	0.005	0.006			0.0045	0.004725	0.004725	0.0083
LW	Total phosphorus	SE	SE633025-142267	long	0.010375	0.013	0.01375	0.01375	0.0105	0.011125	0.00925	0.012125	0.011125	0.011875	0.011	0.019	0.012	0.011	0.012	0.009	0.012	0.014	0.011	0.012	0.012			0.012	0.0104	0.010925	0.011312
LW	Total phosphorus	SE	SE633344-130068	long	0.01175	0.01175	0.014	0.013	0.01025	0.01075	0.011	0.0095	0.009	0.008333	0.01	0.006	0.007	0.008	0.011	0.007	0.01	0.011	0.011	0.008	0.01			0.008667	0.0077	0.00685	0.00965
LW	Total phosphorus	SE	SE633738-142203	long	0.01575	0.017	0.01825	0.014	0.012	0.015	0.0115	0.019	0.01925	0.007	0.017	0.021	0.021	0.023	0.018	0.013	0.02	0.02	0.022	0.02	0.02			0.018	0.018225	0.014625	0.01635
LW	Total phosphorus	SE	SE635878-137392	long	0.009125	0.011125	0.01175	0.010833	0.007	0.022	0.0125	0.0095	0.00775	0.0095	0.009	0.01	0.009	0.007	0.007	0.006	0.009	0.009	0.009	0.008	0.008			0.00825	0.00888	0.007875	0.007425
LW	Total phosphorus	SE	SE637120-145525	long				0.1195	0.068	0.05775	0.04225	0.04	0.0555	0.0605	0.071	0.04	0.044	0.051	0.037	0.026	0.039	0.043	0.033		0.033			0.0285	0.027825	0.0271	0.03245
LW	Total phosphorus	SE	SE637121-151366	long	0.0155	0.0145	0.01375	0.0125	0.01025	0.00625	0.00925	0.00825	0.01275	0.00775	0.006	0.008	0.009	0.008	0.009	0.005	0.011	0.01	0.008	0.008	0.008			0.0085	0.00775	0.00825	0.007825
LW	Total phosphorus	SE	SE638725-146677	long	0.009	0.013	0.009333	0.008333	0.007	0.01	0.0085		0.01225	0.008	0.008	0.007	0.007	0.011	0.009	0.006	0.009	0.009	0.007	0.01	0.009			0.0085	0.00785	0.00666	0.007275
LW	Total phosphorus	SE	SE639047-149701	long	0.0095	0.0105	0.00875	0.00975	0.00625	0.0065	0.00575	0.00825	0.007	0.0065	0.014	0.005	0.006	0.004	0.006	0.005	0.006	0.006	0.006	0.006	0.007			0.00575	0.0058	0.004175	0.00535
LW	Total phosphorus	SE	SE642008-168013	short						0.015333	0.00875	0.009	0.009	0.0095	0.006	0.008	0.009	0.01	0.01	0.006	0.007	0.008	0.009	0.008	0.008			0.00625	0.008675	0.009425	0.009225
LW	Total phosphorus	SE	SE642140-140640	long	0.0065	0.007	0.006667	0.005833	0.00475	0.004	0.00275	0.00425	0.00325	0.0035	0.004	0.004	0.004	0.005	0.0057	0.0125	0.0033	0.005	0.002	0.002	0.0025			0.002	0.0035	0.00275	0.00275
LW	Total phosphorus	SE	SE642489-151724	long	0.008	0.00975	0.015875	0.01575	0.007143	0.005	0.006	0.006	0.005375	0.006875	0.006	0.006	0.007	0.007	0.005	0.003	0.004	0.005	0.004	0.005	0.005			0.004333	0.00475	0.004313	0.004114
LW	Total phosphorus	SE	SE642555-168553	long				0.0075	0.007	0.00775	0.00775	0.0055	0.00475	0.0055	0.008	0.006	0.006	0.007	0.007	0.004	0.006	0.007	0.006	0.005	0.006			0.00575	0.00445	0.004525	0.00415
LW	Total phosphorus	SE	SE643914-127698	long	0.005571	0.00725	0.008125	0.0065	0.004167	0.004143	0.003429	0.005125	0.003625	0.003125	0.004	0.004	0.006	0.003	0.004	0.003	0.004	0.005	0.004	0.004	0.004			0.004	0.005733	0.00405	0.00445
LW	Total phosphorus	SE	SE644987-152393	long	0.01	0.012667	0.008333	0.007333	0.0075	0.006	0.00525	0.0075	0.00675	0.01425	0.007	0.006	0.007	0.007	0.006	0.004	0.005	0.006	0.006	0.006	0.006			0.00625	0.004975	0.005225	0.006675
LW	Total phosphorus	SE	SE645289-128665	long	0.011875	0.012375	0.011375	0.010625	0.008	0.008625	0.009875	0.011375	0.009875	0.009625	0.008	0.009	0.011	0.011	0.009	0.006	0.008	0.011	0.009	0.01	0.012			0.00925	0.008875	0.008625	0.0101
LW	Total phosphorus	SE	SE646293-126302	long	0.009333	0.0165	0.020333	0.017333	0.015	0.01475	0.0145	0.01225	0.0175	0.01725	0.019	0.019	0.013	0.014	0.029	0.008	0.02	0.02	0.021	0.021	0.018			0.01825	0.01572	0.0131	0.015525
LW	Total phosphorus	SE	SE650061-142276	long	0.01275	0.013375	0.011375	0.0122	0.00925	0.01	0.01375	0.0125	0.0095	0.01025	0.008	0.007	0.015	0.011	0.012	0.01	0.012	0.016		0.013	0.013			0.01225	0.0112	0.013675	0.009425
LW	Total phosphorus	SE	SE650398-139136	long				0.0425	0.0355	0.03125	0.0635	0.05975	0.05125	0.05675	0.063	0.046	0.05	0.062	0.059	0.034	0.067	0.133	0.063	0.11	0.249			0.10325	0.0946	0.067825	0.0785
LW	Total phosphorus	SE	SE651558-143620	long	0.01	0.021	0.018	0.01875	0.012	0.012	0.012	0.0125	0.01475	0.01025	0.012	0.011	0.009	0.011	0.013	0.008	0.012	0.012	0.014	0.012	0.012			0.01075	0.013	0.0124	0.01165
LW	Total phosphorus	SE	SE651573-152481	long	0.008875	0.011714	0.013286	0.011333	0.0075	0.00925	0.0085	0.0085	0.013	0.00925	0.009	0.008	0.008	0.009	0.008	0.006	0.006	0.008	0.008	0.006	0.008			0.0075	0.0077	0.006725	0.007875
LW	Total phosphorus	SE	SE651578-146163	long	0.00875	0.01075	0.01525	0.010667	0.00625	0.006	0.0065	0.01625	0.0065	0.009	0.009	0.007	0.009	0.01	0.008	0.006	0.007	0.009	0.008	0.007	0.008			0.006	0.008525	0.00585	0.009325
LW	Total phosphorus	SE	SE652177-159038	long				0.031	0.03025	0.0385	0.0395	0.04975	0.04425	0.078	0.049	0.036	0.041	0.043	0.053	0.045	0.052	0.05	0.055	0.053	0.06			0.05125	0.061925	0.043075	0.04102
LW	Total phosphorus	SE	SE652707-159032	long	0.011333	0.012667	0.014667	0.0095	0.008	0.00925	0.00625	0.008	0.00925	0.013	0.007	0.007	0.01	0.011	0.009	0.008	0.008	0.01	0.01	0.01	0.01			0.01075	0.00965	0.00935	0.011475
LW	Total phosphorus	SE	SE652902-125783	long	0.015125	0.0155	0.014875	0.0118	0.0145	0.01475	0.015125	0.014875	0.013125	0.013375	0.015	0.013	0.014	0.012	0.012	0.007	0.009	0.014	0.012	0.013	0.012			0.013625	0.01195	0.012137	0.011513
LW	Total phosphorus	SE	SE655209-126937	long	0.008	0.009667	0.010333	0.014	0.01	0.00525	0.005667	0.005	0.005	0.006667	0.008	0.007	0.005	0.007	0.007	0.004	0.006	0.009	0.007	0.007	0.004			0.0025	0.00224	0.00295	0.00395
LW	Total phosphorus	SE	SE655455-136581	long	0.0075	0.0105	0.0096	0.008	0.0064	0.006	0.0078	0.0072	0.006	0.007	0.006	0.006	0.007	0.007	0.006	0.005	0.006	0.007	0.006	0.006	0.006			0.0068	0.00636	0.00582	0.00564
LW	Total phosphorus	SE	SE655587-158869	long	0.009125	0.010875	0.010625	0.012	0.0075	0.01125	0.00675	0.01	0.01175	0.007125	0.007	0.008	0.009	0.007	0.008	0.005	0.007	0.009	0.007	0.007				0.007	0.007288	0.00655	0.007625
LW	Total phosphorus	SE	SE655863-129783	long	0.006667	0.009667	0.009667	0.013	0.007	0.0045	0.0065	0.00375	0.004	0.00625	0.005	0.004	0.006	0.004	0.004	0.004	0.003	0.004	0.004	0.004	0.003			0.00125	0.001775	0.00195	0.002175
LW	Total phosphorus	SE	SE656206-159170	long	0.012667	0.015333	0.014667	0.014	0.0095	0.01375	0.01	0.0115	0.0125	0.01375	0.012	0.011	0.011	0.014	0.013	0.01	0.011	0.014	0.011	0.012	0.012			0.01275	0.010375	0.009325	0.012075
LW	Total phosphorus	SE	SE656263-156963	long	0.012333	0.011333	0.020333	0.008	0.00825	0.008	0.005333	0.011	0.00925	0.01575	0.007	0.008	0.009	0.008	0.008	0.006	0.007	0.009	0.009	0.012	0.012			0.008	0.00855	0.00845	0.0069
LW	Total phosphorus	SE	SE657562-159772	long	0.017429	0.018286	0.021571	0.021429		0.01725		0.02075	0.0235	0.033833	0.027	0.019	0.0237	0.018	0.015	0.022	0.02	0.026	0.023	0.017	0.022			0.018667	0.0113	0.014983	0.020133
LW	Total phosphorus	SE	SE658065-162841	short												0.026	0.027	0.028	0.028	0.028	0.025	0.028	0.027	0.024	0.025			0.025917	0.0264	0.024033	0.027542
LW	Total phosphorus	SE	SE658086-130264	long	0.010125	0.014	0.014625	0.011333	0.008	0.00875	0.009	0.009	0.016	0.0115	0.007	0.007	0.009	0.012	0.011	0.01	0.009	0.011	0.011	0.013	0.012			0.01075	0.01056	0.008075	0.009775
LW	Total phosphorus	SE	SE659105-133982	long	0.044	0.042333	0.034333	0.033333	0.02825	0.03525	0.0405	0.0435	0.04375	0.04975	0.032	0.04	0.044	0.056	0.049	0.029	0.032	0.052	0.051	0.05	0.041			0.04275	0.0499	0.0449	0.05185
LW	Total phosphorus	SE	SE659180-152170	long	0.049143	0.048857	0.056286	0.043571		0.05225		0.05025	0.03225		0.046	0.043	0.044	0.039	0.038	0.028	0.05	0.05	0.051	0.054	0.077			0.041333	0.043667	0.038533	0.048233
LW	Total phosphorus	SE	SE660688-164478	long	0.015	0.016667	0.019667	0.013	0.01025	0.009	0.008	0.01475	0.015	0.014	0.015	0.01	0.012	0.013	0.012	0.009	0.011	0.013	0.013	0.012	0.013			0.01375	0.01396	0.013075	0.01705
LW	Total phosphorus	SE	SE660804-142742	long	0.008	0.0135	0.01425	0.01125	0.00625	0.0065	0.00825	0.01	0.00475	0.0085	0.005	0.005	0.005	0.006	0.005	0.003	0.005	0.005	0.005	0.005	0.005			0.00425	0.004675	0.003625	0.004425
LW	Total phosphorus	SE	SE661521-130182	long	0.010333	0.011333	0.008667	0.010333	0.00925	0.0065	0.0075	0.008	0.0065	0.006	0.007	0.006	0.009	0.008	0.007	0.004	0.007	0.008	0.009	0.008	0.008			0.00675	0.00655	0.00755	0.0059
LW	Total phosphorus	SE	SE662682-132860	long	0.007	0.008333	0.007333	0.008333	0.009	0.00425	0.004	0.00575	0.0045	0.0055	0.005	0.006	0.005	0.006	0.006	0.004	0.004	0.005	0.006	0.005	0.005			0.0046	0.0046	0.0046	0.0043
LW	Total phosphorus	SE	SE662709-160136	long	0.051143	0.043	0.076714	0.045286	0.034429	0.045	0.038333	0.0625	0.037		0.041	0.035	0.0355	0.032	0.028	0.036	0.038	0.053	0.042	0.036	0.032			0.0365	0.0205	0.032567	0.041483
LW	Total phosphorus	SE	SE663532-148571	long	0.006875	0.00975	0.007625	0.008429	0.006	0.006	0.006125	0.00825	0.008625	0.008375	0.008	0.006	0.006	0.007	0.007	0.003	0.004	0.006	0.005	0.005	0.006			0.0065	0.0071	0.006125	0.006225
LW	Total phosphorus	SE	SE663907-156927	long				0.0195	0.018	0.0175	0.01775	0.024	0.017	0.02175	0.02	0.014	0.014	0.022	0.017	0.015	0.016	0.021	0.019	0.017	0.025			0.01925	0.0209	0.01765	0.0244
LW	Total phosphorus	SE	SE664197-149337	long	0.01	0.00975	0.0105	0.01	0.00725	0.00925	0.005	0.00725	0.00775	0.01875	0.008	0.007	0.005	0.006	0.006	0.005	0.006	0.007	0.006	0.006	0.006			0.0055	0.008425	0.005075	0.0054
LW	Total phosphorus	SE	SE664410-136192	long	0.007667	0.01	0.007667	0.010333	0.0055	0.006	0.0065	0.0105	0.0055	0.00575	0.008	0.006	0.006	0.011	0.006	0.004	0.006	0.007	0.006	0.006	0.007			0.0064	0.00545	0.005175	0.005275
LW	Total phosphorus	SE	SE665654-149206	long	0.014571	0.012429	0.012625	0.0144	0.01175	0.01075	0.00925	0.0135	0.01275	0.01025	0.012	0.011	0.008	0.009	0.01	0.009	0.012	0.018	0.011	0.014	0.015			0.01175	0.013575	0.009475	0.011875
LW	Total phosphorus	SE	SE667151-149602	long	0.00675	0.0095	0.00975	0.009667	0.008	0.006	0.0055	0.0075	0.00575	0.00825	0.006	0.006	0.006	0.007	0.007	0.004	0.006	0.009	0.01	0.008	0.009			0.00925	0.007175	0.005275	0.007325
LW	Total phosphorus	SE	SE672467-148031	long	0.008	0.0095	0.0095	0.008667	0.00575	0.00475	0.0055	0.00325	0.00575	0.0065	0.008	0.005	0.004	0.005	0.005	0.004	0.005	0.003	0.006	0.004	0.005			0.00375	0.004075	0.00535	0.005275
LW	Total phosphorus	SE	SE673534-153381	long	0.011	0.01425	0.01375	0.01475	0.0095	0.0075	0.009	0.01425	0.01075	0.00875	0.009	0.01	0.015	0.011	0.01	0.007	0.012	0.012	0.011	0.013	0.015			0.0105	0.0117	0.0112	0.01135
LW	Total phosphorus	SE	SE677506-156174	long	0.01425	0.01575	0.014	0.018	0.014	0.01425	0.00975	0.01725	0.01975	0.01725	0.024	0.019	0.017	0.017	0.015	0.008	0.018	0.018	0.016	0.017	0.019			0.016	0.0137	0.01515	0.015225
LW	Total phosphorus	SE	SE683673-154083	long	0.010167	0.011	0.012857	0.010857	0.007	0.006625	0.0065	0.00625	0.007875	0.008125	0.007	0.006	0.005	0.007	0.007	0.004	0.005	0.007	0.006	0.007	0.006			0.005875	0.006012	0.00525	0.00585
LW	Total phosphorus	SE	SE686849-145214	long	0.0115	0.018	0.017	0.014333	0.01	0.00925	0.007	0.01075	0.0085	0.0075	0.01	0.009	0.008	0.012	0.009	0.007	0.008	0.011	0.008	0.011	0.011			0.00875	0.007	0.0076	0.009975
LW	Total phosphorus	SE	SE690345-149315	long	0.012571	0.011571	0.011857	0.0108	0.0075	0.01	0.00525	0.00575	0.00475	0.0145	0.005	0.005	0.008	0.008	0.006	0.005	0.005	0.005	0.005	0.005	0.004			0.00475	0.003675	0.004025	0.00445
LW	Total phosphorus	SE	SE690617-134197	long	0.0135	0.011		0.01425	0.0085	0.00925	0.005	0.006	0.00675	0.00725	0.006	0.007	0.008	0.007	0.009	0.004	0.005	0.007	0.006	0.006	0.007			0.00675	0.0069	0.0056	0.00735
LW	Total phosphorus	SE	SE691365-156127	long	0.01425	0.01675	0.01875	0.016	0.0125	0.011	0.00775	0.014	0.01375	0.01125	0.01	0.011	0.01	0.016	0.014	0.007	0.012	0.014	0.012	0.013	0.011			0.0105	0.010625	0.009375	0.011275
LW	Total phosphorus	SE	SE695220-143383	long	0.014	0.017	0.0215	0.0145	0.01025	0.01125	0.00725	0.016	0.011		0.011	0.01	0.022	0.014	0.012	0.008	0.009	0.013	0.012	0.013	0.012			0.01425	0.0102	0.012425	0.0132
LW	Total phosphorus	SE	SE698918-158665	long	0.01325	0.0145	0.01225	0.014	0.009	0.008	0.01225	0.0115	0.012	0.014	0.011	0.01	0.009	0.013	0.013	0.006	0.011	0.013	0.012	0.01	0.011			0.00975	0.009225	0.010075	0.0092
LW	Total phosphorus	SE	SE704082-148125	long	0.008	0.012	0.013	0.01	0.007	0.006	0.00775	0.0055	0.0055	0.00525	0.005	0.005	0.008	0.007	0.007	0.002	0.005	0.005	0.007	0.006	0.005			0.00575	0.004825	0.004825	0.0053
LW	Total phosphorus	SE	SE704955-159090	long	0.006333	0.00975	0.015	0.00925	0.00725	0.005	0.004	0.007	0.00475	0.00725	0.006	0.007	0.009	0.007	0.006	0.003	0.005	0.004	0.005	0.006	0.005			0.005	0.003925	0.00435	0.0045
LW	Total phosphorus	SE	SE706672-167201	short						0.007667	0.0125	0.01075	0.01225	0.01125	0.01	0.009	0.011	0.015	0.015	0.011	0.014	0.019	0.017	0.019	0.017			0.01425	0.02135	0.019025	0.01565
LW	Total phosphorus	SE	SE707822-133430	long	0.008067	0.006947	0.007789	0.006053	0.0055	0.005789	0.004316	0.004895	0.0054	0.0041	0.003	0.004	0.004	0.005	0.004	0.003	0.004	0.003	0.004	0.003	0.003			0.002938	0.002879	0.0019	0.003873
LW	Total phosphorus	SE	SE708512-152086	long	0.008	0.009	0.011	0.0125	0.00575	0.0085	0.00725	0.00425	0.006	0.00475	0.006	0.007	0.007	0.008	0.007	0.003	0.005	0.005	0.006	0.005	0.006			0.00475	0.004575	0.003775	0.004725
LW	Total phosphorus	SE	SE708619-162132	long	0.013429	0.014	0.012857	0.012571	0.00925	0.011875	0.008875	0.009625	0.00775	0.0085	0.01	0.009	0.01	0.015	0.011	0.006	0.008	0.01	0.009	0.009	0.009			0.008875	0.00895	0.009625	0.009
LW	Total phosphorus	SE	SE709218-169710	long	0.025	0.015	0.021	0.019	0.01625	0.022	0.037333	0.03725	0.02875	0.0295	0.025	0.02	0.026	0.029	0.03	0.015	0.023	0.027	0.023	0.034	0.027			0.0195	0.02155	0.025075	0.02825
LW	Total phosphorus	SE	SE711365-171748	long	0.008	0.009	0.014	0.012667	0.0115	0.008333	0.009	0.013	0.01225	0.0125	0.01	0.01	0.006	0.011	0.013	0.008	0.012	0.011	0.01	0.01	0.012			0.01175	0.009075	0.0089	0.0117
LW	Total phosphorus	SE	SE712246-170866	short					0.008	0.010667	0.0165	0.011	0.0115	0.010667	0.014	0.011	0.013	0.016	0.014	0.007	0.013	0.014	0.015	0.016	0.017			0.01175	0.009825	0.00995	0.0136
LW	Total phosphorus	SE	SE713131-144608	long				0.009	0.00575	0.006	0.0045	0.00525	0.00525	0.00475	0.006	0.004	0.005	0.005	0.004	0.002	0.003	0.004	0.005	0.004	0.004			0.003	0.00275	0.003175	0.003275
LW	Total phosphorus	SE	SE713404-172465	long	0.0095	0.012		0.016	0.012	0.008667	0.009333	0.0105	0.011	0.01125	0.014	0.009	0.009	0.012		0.007	0.008	0.011	0.01	0.01	0.01			0.00875	0.009275	0.0118	0.0109
LW	Total phosphorus	SE	SE716717-158596	long	0.007	0.011	0.01	0.01	0.00825	0.005333	0.005	0.00675	0.00475	0.006	0.007	0.006	0.006	0.007	0.007	0.003	0.008	0.007	0.006	0.006	0.006			0.0065	0.005	0.0055	0.005325
LW	Total phosphorus	SE	SE728095-175926	long	0.011667	0.0115	0.012833	0.01025	0.00925	0.008	0.01375	0.0105	0.01	0.00925	0.009	0.009	0.006	0.01	0.008	0.006	0.009	0.009	0.01	0.01	0.009			0.00875	0.008625	0.0079	0.00945
LW	Total phosphorus	SE	SE728744-162653	long	0.0095	0.0095	0.0115	0.011	0.0065	0.00625	0.006	0.0095	0.0055	0.0065	0.004	0.005	0.006	0.006	0.004	0.003	0.003	0.005	0.005	0.006	0.004			0.00375	0.00442	0.0044	0.00305
LW	Total phosphorus	SE	SE731799-151196	long	0.008333	0.007714	0.0104	0.008333	0.00625	0.009	0.003333	0.006	0.00475	0.003	0.004	0.007	0.004	0.004	0.004	0.004	0.005	0.003	0.007	0.003	0.003			0.00225	0.0024	0.0023	0.002525
LW	Total phosphorus	SE	SE733110-182955	long	0.0235	0.0095	0.0225	0.0285	0.03625	0.0255	0.0245	0.02675	0.025	0.02675	0.024	0.033	0.026	0.029	0.029	0.016	0.023	0.032	0.024	0.025	0.021			0.02425	0.022933	0.023625	0.0232
LW	Total phosphorus	SE	SE736804-160569	long	0.0085	0.007	0.01		0.007	0.006	0.00475	0.0085	0.00325	0.004	0.003	0.003	0.01	0.004	0.003	0.002	0.003	0.002	0.005	0.004	0.003			0.003	0.002875	0.001875	0.00165
LW	Total phosphorus	SE	SE741340-153576	long	0.0065	0.0075	0.013	0.007	0.00525	0.005	0.009	0.00475	0.0035	0.003	0.005	0.004	0.003	0.003	0.002	0.005	0.002	0.002	0.002	0.004	0.003			0.00175	0.00185	0.00155	0.0022
LW	Total phosphorus	SE	SE742442-153530	short						0.0125	0.0035	0.0035	0.00275	0.00425	0.004	0.003	0.007	0.005	0.002	0.003	0.003	0.002	0.003	0.002	0.002			0.001125	0.0016	0.0013	0.001675
LW	Total phosphorus	SE	SE742829-183168	long	0.0225	0.0095	0.015	0.0125	0.01075	0.006333	0.00725	0.01	0.0085	0.0105	0.009	0.009	0.009	0.012	0.011	0.006	0.009	0.01	0.011	0.015	0.014			0.0125	0.01355	0.0145	0.0205
LW	Total phosphorus	SE	SE744629-167999	long	0.0122	0.0106	0.0115	0.0102	0.008	0.0085	0.0072	0.0076	0.008	0.0075	0.009	0.009	0.009	0.008	0.007	0.003	0.006	0.007	0.007	0.01	0.008			0.00775	0.008325	0.0054	0.009
LW	Total phosphorus	SE	SE751252-175433	long	0.0105	0.0115	0.017	0.009	0.00725	0.0085	0.00425	0.006	0.009333	0.005	0.005	0.006	0.005	0.007	0.005	0.003	0.004	0.005	0.005	0.006	0.004			0.00425	0.005325	0.0043	0.00515
LW	Total phosphorus	SE	SE758208-161749	long	0.0082	0.0074	0.0096	0.0072	0.0052	0.00425	0.00425	0.00375	0.0026	0.0036	0.004	0.005	0.006	0.005	0.003	0.002	0.004	0.002	0.004	0.004	0.004			0.0054	0.00386	0.003117	0.00188
LW	Total phosphorus	SE	SE758677-161050	long	0.006	0.0095	0.0135	0.0055		0.0035	0.004333		0.007333	0.006667	0.003	0.004	0.004	0.003		0.002	0.002	0.002	0.003	0.002	0.002			0.000875	0.0011	0.001425	0.000975
LW	Total phosphorus	SI	SIJ0102	long	0.02695	0.02601	0.02214	0.01774	0.0155	0.01456	0.01754	0.01967	0.01689	0.01577		0.01249	0.01262		0.015336	0.0134	0.01	0.016	0.0115	0.010758	0.0133	0.0125	0.014	0.013	0.012	0.013	0.012
LW	Total phosphorus	SI	SIJ0203	long	0.00658	0.01315	0.00489	0.00602	0.00499	0.005	0.00514	0.00489	0.00499	0.00559	0.00359	0.00363	0.00936	0.0058	0.003557	0.0093	0.004	0.0023	0.0037	0.004727	0.0052	0.005	0.0057	0.005	0.005	0.005	0.005
LW	Total phosphorus	SI	SIJ0302	short												0.15554		0.16557				0.1371	0.0696	0.063787	0.0997	0.1235	0.0828		0.058		0.117
LW	Total phosphorus	UK	UKEA_WIMS_NW_88016096	short												0.021795				0.006053	0.017075	0.014792	0.014333	0.0147	0.014858	0.01485	0.016225	0.014442		0.015173	0.013999
